TSS 03 (5/15/2013) Virginia M otor Vehicle Statistics (1977-2012)



Calendar

Total

Fatal

I njury

PD

Licensed

Registered Gasoline *



Death

US Death

Year

Crashes

Crashes

Fatalities Crashes I njuries Crashes

Drivers

Vehicles

Consumption Population VM T *

Rate * *

Rate

1977

142,270

998

1,145

39,802

57,389

101,470

3,223,503

3,120,583

3,131.0

5,206,000

38,105

3.00

3.35

1978

135,889

967

1,080

41,434

61,456

93,488

3,319,538

3,236,655

3,263.0

5,284,000

39,250

2.70

3.39

1979

128,805

920

1,014

40,328

59,313

87,557

3,420,909

3,434,859

3,089.0

5,325,000

38,478

2.60

3.50

1980

116,382

938

1,045

39,455

58,036

75,989

3,507,580

3,716,437

2,982.3

5,346,818

37,163

2.80

3.50

1981

117,981

907

1,012

40,785

59,788

76,289

3,582,596

3,823,055

2,924.4

5,444,100

36,348

2.80

3.30

1982

112,474

782

881

40,480

59,657

71,212

3,641,276

3,856,872

2,784.2

5,492,800

39,396

2.24

2.88

1983

113,672

802

900

43,359

63,284

69,511

3,711,206

3,925,593

2,861.4

5,564,700

41,920

2.20

2.68

1984

123,356

923

1,014

47,272

69,306

75,161

3,772,441

4,099,966

3,013.7

5,643,900

44,904

2.30

2.69

1985

133,326

896

980

50,897

74,585

81,533

3,819,563

4,292,749

3,123.0

5,715,100

47,928

2.10

2.59

1986

140,544

997

1,118

53,564

79,188

85,983

3,953,628

4,514,377

3,245.0

5,811,700

51,725

2.20

2.60

1987

145,473

906

1,022

53,925

80,114

90,642

4,070,041

4,660,657

3,445.9

5,932,300

54,834

1.90

2.51

1988

144,319

969

1,069

52,970

77,735

90,380

4,146,101

4,752,331

3,510.0

6,036,900

57,453

1.88

2.42

1989

143,155

913

999

53,723

79,310

88,519

4,249,563

4,887,607

3,526.9

6,120,200

59,337

1.72

2.26

1990

134,505

948

1,071

51,754

76,436

81,803

4,404,722

4,985,438

3,483.2

6,187,358

60,178

1.82

2.18

1991

122,516

837

938

47,690

70,899

73,989

4,429,424

5,023,679

3,510.3

6,288,000

61,099

1.54

2.00

1992

122,887

760

839

50,865

76,615

71,262

4,771,565

5,124,916

3,615.6

6,394,000

63,447

1.32

1.83

1993

120,265

790

875

51,827

77,852

67,648

4,818,898

5,230,009

3,722.4

6,490,600

65,419

1.34

1.82

1994

126,637

823

925

54,675

82,146

71,139

4,845,028

5,383,522

3,829.1

6,551,500

67,609

1.35

1.80

1995

127,126

826

900

55,036

82,400

71,264

4,884,271

5,485,309

3,955.5

6,618,358

69,811

1.28

1.79

1996

131,088

803

869

55,178

82,363

75,107

4,957,577

5,636,956

4,054.2

6,666,200

71,309

1.21

1.76

1997

129,980

897

981

54,716

81,866

74,367

5,021,813

5,724,096

4,225.4

6,737,500

74,142

1.32

1.70

1998

136,138

833

934

54,834

81,221

80,471

4,846,666

5,874,607

4,317.9

6,789,200

76,262

1.22

1.65

1999

139,573

794

877

55,092

81,204

83,687

4,942,186

6,083,902

4,519.1

6,872,900

79,463

1.10

1.60

2000

141,650

852

930

54,285

79,806

86,513

5,034,297

6,313,411

4,575.3

7,078,499

80,452

1.16

1.60

2001

144,585

855

935

55,178

80,187

88,552

5,100,631

6,490,834

4,945.9

7,196,800

86,969

1.08

1.54

2002

147,737

832

913

54,560

78,896

92,345

5,182,497

6,659,560

4,728.4

7,293,500

75,263

1.21

1.56

2003

154,848

860

942

55,041

78,842

98,947

5,257,516

6,833,735

5,041.4

7,386,300

76,830

1.23

1.55

2004

153,907

837

922

55,194

78,487

97,876

5,313,167

7,037,698

5,201.1

7,458,900

78,877

1.17

1.52

2005

153,849

875

946

53,727

76,023

99,247

5,362,140

7,246,709

N/A

7,564,327

80,335

1.18

1.54

2006

151,692

865

961

52,083

73,348

98,744

5,394,888

7,386,061

N/A

7,640,249

81,094

1.19

1.42

2007

145,405

940

1,026

49,138

68,822

95,327

5,436,825

7,500,308

N/A

7,698,775

82,077

1.25

1.45

2008

135,282

760

821

48,887

69,130

85,635

5,475,069

7,503,924

N/A

7,769,089

82,278

1.00

1.34

2009

116,744

694

756

44,285

62,976

71,765

5,501,878

7,495,574

N/A

7,882,590

80,938

0.93

1.21

2010

116,386

689

740

43,149

61,418

72,548

5,569,524

7,565,848

N/A

8,001,024

82,150

0.90

1.09

2011

120,513

707

764

43,993

63,382

75,813

5,662,416

7,636,407

N/A

8,096,604

80,974

0.94

1.18

2012

123,579

714

775

44,924

67,004

77,941

5,730,175

7,706,795

N/A

8,185,867

80,954

0.96

1.23

* In millions, starting in 2002 VMT will be based on vehicle count instead Virginia Crash and VMT Data - Virginia Traffic Crash Facts of gasoline consumption using Virginia Department of Transportation's United States Death Rate - Injury Facts (National Safety Council) Traffic Monitoring System Licensed Drivers (includes learner's permits) and Registered Vehicles - Department of Motor Vehicles

* * Death rate per 100 million miles Population - Weldon Cooper Center for Public Service (University of Virginia) N/A = Not available after 2004





Document Outline


data 1977-2012





